[[1,2];[3,4]]
[[0.316227766016838,0.948683298050514];[0.948683298050514,0.316227766016838]]
[[3.16227766016838,4.42718872423573];[0,0.632455532033675]]

[[1,-1,3];[3,4,2];[0,2,5]]
[[0.316227766016838,0.70392159931169,0.635998728003816];[0.948683298050514,0.234640533103897,0.211999576001272];[0,0.670401523153991,0.741998516004452]]
[[3.16227766016838,3.47850542618522,2.84604989415154];[0,2.98328677803526,1.70952388404268];[0,0,5.19398961203116]]

[[2,-1,1,8];[11,4,2,0];[9,8,5,9];[12,-7,-1,6]]
[[0.10690449676497,0.103772530028273,0.674325772827456,0.723247843193199];[0.587974732207334,0.270820993000616,0.580852214196126,0.493510293002418];[0.481070235442364,0.64035244139398,0.448162737288433,0.397077247243325];[0.641426980589819,0.711221486291338,0.0839381812422145,0.275117807018589]]
[[18.7082869338697,1.60356745147455,3.04677815780164,9.03342997663994];[0,11.288426437222,4.3508531492342,0.665662814571608];[0,0,1.66949684963516,9.93169990566883];[0,0,0,0.561580678244131]]

